U0 0 0 0 0 0
U1 1 42 603 672 1414
U2 0 0 0 0 0
U3 1 69 533 659 2142
U4 1 72 357 421 1600
U5 1 48 461 507 874
U6 1 6 378 438 1080
U7 1 76 14 150 1496
U8 0 0 0 0 0
U9 1 50 760 788 504
U10 1 27 1368 1420 884
U11 1 11 318 416 2058
U12 1 67 14 33 608
U13 1 84 856 924 1496
U14 1 33 1177 1257 1360
U15 1 39 1295 1317 253
U16 1 67 681 740 1711
U17 0 0 0 0 0
U18 1 97 11 121 1210
U19 1 19 1373 1385 228
U20 1 29 841 863 539
U21 0 0 0 0 0
U22 1 6 133 197 1184
U23 0 0 0 0 0
U24 1 76 1318 1359 307
U25 0 0 0 0 0
U26 1 46 718 789 1384
U27 1 41 407 469 1674
U28 1 32 1098 1148 1275
U29 0 0 0 0 0
U30 1 66 231 295 2080
U31 1 60 880 940 1380
U32 0 0 0 0 0
U33 1 81 476 540 1088
U34 0 0 0 0 0
U35 1 66 564 630 2079
U36 1 19 641 699 1189
U37 0 0 0 0 0
U38 0 0 0 0 0
U39 0 0 0 0 0
U40 1 91 776 886 2530
U41 0 0 0 0 0
U42 0 0 0 0 0
U43 0 0 0 0 0
U44 1 57 1415 1431 136
U45 1 66 120 218 3234
U46 1 19 439 479 880
U47 0 0 0 0 0
U48 1 46 483 565 1681
U49 1 72 1150 1216 1485
U50 0 0 0 0 0
U51 1 86 1154 1206 1456
U52 1 33 139 235 1968
U53 0 0 0 0 0
U54 1 7 702 788 2580
U55 1 51 466 526 1590
U56 0 0 0 0 0
U57 1 40 342 388 690
U58 1 73 0 96 1776
U59 0 0 0 0 0
U60 1 78 737 863 2583
U61 1 67 910 954 1232
U62 1 1 465 575 3410
U63 1 93 794 844 475
U64 1 64 93 152 1652
U65 1 37 855 981 1890
U66 1 91 496 558 1488
U67 1 68 968 1066 2009
U68 1 38 328 386 1247
U69 1 61 220 352 3102
U70 1 76 289 421 1386
U71 1 36 464 516 1040
U72 1 80 1110 1208 2793
U73 1 26 1144 1224 680
U74 1 90 76 117 1045
U75 1 11 91 143 1144
U76 1 52 190 322 2838
U77 1 97 874 896 198
U78 1 91 301 372 1775
U79 1 7 801 903 3009
U80 1 52 621 719 2009
U81 1 8 641 777 3740
U82 1 15 78 113 875
U83 1 34 1021 1081 1620
U84 1 6 12 74 1178
U85 1 49 838 890 1222
U86 1 34 140 238 2891
U87 1 61 1231 1243 246
U88 1 5 510 620 2640
U89 1 44 794 856 1798
U90 1 45 334 432 2009
U91 1 88 832 914 1927
U92 0 0 0 0 0
U93 1 92 1064 1099 700
U94 0 0 0 0 0
U95 1 5 245 316 1810
U96 1 28 810 946 4284
U97 1 66 1038 1079 1209
U98 1 13 282 378 816
U99 1 65 1101 1199 1666
U100 1 55 659 741 2214
U101 1 46 391 473 1722
U102 1 10 60 112 468
U103 1 71 336 416 1880
U104 1 11 512 596 1722
U105 1 56 930 970 1040
U106 1 84 1304 1366 1271
U107 1 89 947 1007 1620
U108 1 71 725 793 1530
U109 1 53 89 175 2150
U110 1 32 693 791 2695
U111 1 64 923 1033 2750
U112 1 36 996 1058 1147
U113 1 64 171 223 1430
U114 1 5 51 161 2915
U115 1 40 428 444 224
U116 1 68 449 501 1144
U117 1 38 95 205 2475
U118 1 74 1042 1138 1632
U119 0 0 0 0 0
U120 0 0 0 0 0
U121 1 21 499 579 1440
U122 0 0 0 0 0
U123 1 7 1257 1309 1430
U124 1 13 36 116 720
U125 1 33 779 823 836
U126 1 94 616 742 2079
U127 0 0 0 0 0
U128 1 30 691 752 976
U129 1 64 548 600 1378
U130 1 22 186 232 782
U131 1 27 593 643 1000
U132 1 89 408 499 2593
U133 1 91 1074 1090 352
U134 1 31 346 385 1014
U135 1 16 107 157 775
U136 1 25 339 351 306
U137 0 0 0 0 0
U138 0 0 0 0 0
U139 1 68 234 286 1196
U140 1 85 1183 1319 1292
U141 1 27 65 151 1892
U142 1 21 1170 1220 850
U143 1 20 432 512 1920
U144 1 57 583 651 714
U145 0 0 0 0 0
U146 1 8 1009 1044 927
U147 1 42 930 974 836
U148 1 32 1226 1276 1250
U149 1 68 102 164 1457
U150 1 26 861 913 494
U151 1 87 129 227 2989
U152 1 82 1368 1408 1100
U153 1 4 802 830 546
U154 0 0 0 0 0
U155 1 79 1177 1243 1881
U156 1 23 1220 1255 700
U157 1 31 111 169 1566
U158 1 44 951 1025 2109
U159 1 32 1313 1379 1617
U160 0 0 0 0 0
U161 0 0 0 0 0
U162 0 0 0 0 0
U163 1 41 624 722 2597
U164 1 24 1144 1166 440
U165 1 73 375 473 1715
U166 1 50 926 1062 2312
U167 0 0 0 0 0
U168 1 23 1164 1210 943
U169 1 75 72 143 568
U170 1 66 1251 1387 3876
U171 0 0 0 0 0
U172 1 53 642 710 1564
U173 1 21 672 724 910
U174 0 0 0 0 0
U175 1 9 461 513 1274
U176 1 1 287 348 1921
U177 1 67 1258 1304 1196
U178 1 96 337 433 2064
U179 1 73 645 664 313
U180 1 7 54 164 3410
U181 0 0 0 0 0
U182 1 8 1303 1365 1581
U183 0 0 0 0 0
U184 0 0 0 0 0
U185 1 0 269 367 833
U186 1 16 1158 1229 994
U187 0 0 0 0 0
U188 1 45 619 660 820
U189 1 38 669 743 1443
U190 1 73 519 538 323
U191 1 35 1328 1368 760
U192 1 28 468 566 3185
U193 1 44 2 46 1408
U194 1 54 677 757 1400
U195 1 90 232 358 3150
U196 1 36 588 629 799
U197 1 82 203 222 598
U198 1 99 238 284 1242
U199 1 73 701 799 1568
U200 1 38 1325 1383 986
U201 1 20 512 573 1433
U202 1 36 212 264 1066
U203 1 90 426 517 2229
U204 1 41 855 939 2184
U205 1 87 836 886 1275
U206 0 0 0 0 0
U207 0 0 0 0 0
U208 1 62 317 408 1319
U209 1 87 892 972 2000
U210 1 55 280 308 784
U211 0 0 0 0 0
U212 1 3 931 983 1092
U213 1 61 625 691 1452
U214 1 42 247 293 989
U215 1 30 792 814 341
U216 1 84 601 653 1196
U217 0 0 0 0 0
U218 1 19 211 321 2475
U219 1 8 16 78 1829
U220 1 80 1220 1284 1792
U221 1 90 678 706 672
U222 1 81 417 469 910
U223 1 87 498 569 2059
U224 1 21 274 338 1248
U225 0 0 0 0 0
U226 0 0 0 0 0
U227 1 91 420 482 1519
U228 1 78 870 922 1040
U229 1 99 975 1057 1968
U230 1 6 833 902 1138
U231 1 92 1129 1200 1384
U232 1 5 704 716 282
U233 1 0 399 451 416
U234 1 18 190 242 1170
U235 1 2 229 327 2352
U236 1 31 1099 1157 1276
U237 1 98 946 965 266
U238 1 64 1220 1272 1274
U239 1 93 913 965 468
U240 1 82 1032 1060 798
U241 1 9 600 668 1632
U242 1 23 238 273 840
U243 1 79 928 997 2001
U244 0 0 0 0 0
U245 0 0 0 0 0
U246 0 0 0 0 0
U247 1 89 769 851 2255
U248 1 87 1226 1297 1668
U249 0 0 0 0 0
U250 0 0 0 0 0
U251 1 17 1033 1093 1440
U252 0 0 0 0 0
U253 1 19 865 884 370
U254 1 84 468 566 2303
U255 1 63 554 593 721
U256 1 53 474 513 916
U257 1 49 236 362 3276
U258 1 18 1133 1161 546
U259 1 59 649 711 1054
U260 1 14 1325 1383 1508
U261 1 22 296 342 759
U262 1 41 1185 1226 1004
U263 1 25 241 305 1664
U264 1 97 132 184 546
U265 1 5 818 902 1932
U266 0 0 0 0 0
U267 1 61 99 195 2304
U268 1 64 684 794 2805
U269 1 27 689 733 858
U270 0 0 0 0 0
U271 0 0 0 0 0
U272 1 66 793 845 1586
U273 0 0 0 0 0
U274 1 41 316 368 1430
U275 1 83 145 203 1160
U276 1 5 963 1021 1305
U277 0 0 0 0 0
U278 1 87 1138 1184 1104
U279 1 38 477 563 1763
U280 1 68 310 362 1170
U281 0 0 0 0 0
U282 0 0 0 0 0
U283 1 64 604 650 1196
U284 1 52 26 106 1760
U285 1 56 478 542 1728
U286 1 19 582 640 1218
U287 0 0 0 0 0
U288 1 9 798 878 1840
U289 1 20 284 312 700
U290 0 0 0 0 0
U291 0 0 0 0 0
U292 1 87 1069 1133 1568
U293 0 0 0 0 0
U294 1 49 1194 1246 1170
U295 0 0 0 0 0
U296 0 0 0 0 0
U297 1 97 913 971 493
U298 1 18 499 609 2365
U299 1 28 21 83 2108
U300 0 0 0 0 0
U301 1 39 495 586 1228
U302 1 99 519 547 714
U303 1 99 1263 1315 1196
U304 1 36 1100 1152 936
U305 1 20 918 968 1125
U306 0 0 0 0 0
U307 1 1 883 902 551
U308 1 78 395 453 1276
U309 0 0 0 0 0
U310 0 0 0 0 0
U311 1 99 808 852 1078
U312 0 0 0 0 0
U313 0 0 0 0 0
U314 0 0 0 0 0
U315 1 72 1305 1373 1496
U316 1 37 1290 1370 1120
U317 1 67 395 445 1525
U318 0 0 0 0 0
U319 1 35 998 1062 1280
U320 1 68 945 957 252
U321 1 23 359 485 2961
U322 0 0 0 0 0
U323 0 0 0 0 0
U324 1 85 632 644 132
U325 1 23 973 1019 989
U326 1 52 719 805 1720
U327 0 0 0 0 0
U328 1 37 103 144 697
U329 1 51 545 609 1664
U330 1 40 282 321 604
U331 0 0 0 0 0
U332 1 18 1207 1259 988
U333 1 40 391 413 319
U334 1 33 666 762 1872
U335 1 72 259 327 1734
U336 1 45 754 806 1014
U337 0 0 0 0 0
U338 1 56 1101 1211 2805
U339 1 73 206 316 1980
U340 1 27 1078 1117 702
U341 1 14 1166 1246 2160
U342 0 0 0 0 0
U343 1 25 588 647 1386
U344 0 0 0 0 0
U345 1 12 496 557 762
U346 1 48 1253 1333 1280
U347 1 21 88 156 1360
U348 0 0 0 0 0
U349 1 15 1176 1260 1806
U350 1 61 27 89 1519
U351 1 49 97 149 1378
U352 0 0 0 0 0
U353 1 55 983 1049 1716
U354 1 89 1120 1252 3432
U355 1 29 1261 1313 1222
U356 1 95 513 604 2502
U357 1 87 416 466 1475
U358 1 56 585 717 3498
U359 1 18 996 1054 1160
U360 1 16 1060 1128 986
U361 1 23 1069 1115 966
U362 1 95 131 215 2394
U363 1 50 547 566 361
U364 1 2 54 106 1300
U365 1 24 558 619 1342
U366 1 56 1217 1278 1525
U367 1 97 329 461 1320
U368 0 0 0 0 0
U369 1 31 619 638 475
U370 1 42 69 151 1804
U371 1 61 425 469 1012
U372 1 78 232 278 1035
U373 0 0 0 0 0
U374 1 59 574 626 910
U375 1 17 340 409 1794
U376 1 77 609 661 936
U377 1 48 217 327 2145
U378 1 33 1273 1353 1320
U379 1 12 983 1052 793
U380 1 34 417 461 1254
U381 1 34 355 417 1798
U382 1 86 941 982 1168
U383 1 36 783 863 1520
U384 0 0 0 0 0
U385 1 63 258 316 1131
U386 1 96 953 1022 1345
U387 0 0 0 0 0
U388 1 49 1286 1314 616
U389 1 87 720 748 756
U390 1 61 1184 1224 840
U391 1 74 1268 1328 960
U392 1 71 1093 1139 966
U393 1 84 1028 1130 2193
U394 1 82 862 931 2001
U395 1 5 340 359 475
U396 1 4 656 758 2040
U397 0 0 0 0 0
U398 0 0 0 0 0
U399 1 23 519 651 3036
U400 1 17 674 758 2100
U401 1 41 1248 1300 1248
U402 1 99 71 140 1897
U403 1 77 1305 1385 1320
U404 1 92 98 182 1890
U405 1 51 375 437 1674
U406 1 67 1021 1037 440
U407 1 3 774 834 1290
U408 1 41 16 148 3762
U409 1 67 1195 1241 1219
U410 1 87 667 695 770
U411 1 25 179 231 1378
U412 0 0 0 0 0
U413 0 0 0 0 0
U414 1 38 763 837 1406
U415 0 0 0 0 0
U416 1 31 681 733 1274
U417 0 0 0 0 0
U418 1 11 1059 1145 1634
U419 1 25 371 383 300
U420 1 98 361 452 1410
U421 1 54 363 454 1729
U422 1 95 1320 1359 975
U423 1 71 881 961 1760
U424 1 11 220 272 1118
U425 0 0 0 0 0
U426 1 50 297 337 800
U427 1 37 3 55 910
U428 0 0 0 0 0
U429 1 9 109 200 2411
U430 1 1 204 272 2176
U431 1 6 1277 1318 615
U432 1 39 1024 1088 800
U433 1 58 374 454 1160
U434 1 86 199 301 3162
U435 1 25 1153 1205 1118
U436 1 48 86 144 1160
U437 1 54 948 987 663
U438 1 49 0 52 1404
U439 1 28 201 272 2378
U440 1 13 434 514 640
U441 1 41 1042 1174 3300
U442 1 29 442 522 2080
U443 1 71 170 182 288
U444 1 28 570 668 3136
U445 1 25 1350 1372 451
U446 1 9 15 106 2457
U447 1 42 814 874 1170
U448 0 0 0 0 0
U449 1 7 942 958 464
U450 1 74 1357 1407 775
U451 1 47 883 922 526
U452 1 15 1283 1385 2142
U453 1 32 608 679 1988
U454 1 97 1051 1147 768
U455 1 34 506 604 2744
U456 1 86 430 469 1189
U457 1 79 16 100 2646
U458 1 81 1182 1234 780
U459 1 54 987 1028 676
U460 1 25 86 127 1107
U461 0 0 0 0 0
U462 1 3 638 724 1892
U463 1 45 1083 1145 1147
U464 1 78 573 699 2646
U465 1 56 1296 1370 1813
U466 1 47 439 485 690
U467 1 25 453 499 1104
U468 0 0 0 0 0
U469 0 0 0 0 0
U470 1 14 250 312 1891
U471 1 88 221 279 1450
U472 1 72 875 973 2303
U473 1 65 133 145 246
U474 0 0 0 0 0
U475 0 0 0 0 0
U476 1 82 603 713 3300
U477 0 0 0 0 0
U478 1 35 1153 1285 2574
U479 1 81 829 890 976
U480 1 27 777 818 779
U481 1 24 801 823 462
U482 1 7 1355 1405 1350
U483 1 81 184 248 1184
U484 1 88 283 302 465
U485 1 89 1011 1073 1643
U486 1 60 23 159 3400
U487 1 46 927 986 1121
U488 1 66 373 471 3136
U489 0 0 0 0 0
U490 1 14 131 191 1860
U491 1 90 1315 1359 990
U492 1 30 280 364 1428
U493 1 44 1031 1077 1288
U494 1 7 277 403 3843
U495 1 1 1182 1314 3696
U496 1 61 558 624 1485
U497 1 32 78 152 2220
U498 1 37 389 525 2244
U499 1 62 511 572 823
U500 1 66 978 1019 1230
U501 1 38 388 472 1764
U502 0 0 0 0 0
U503 1 5 168 209 1066
U504 1 60 1230 1340 2420
U505 1 95 1242 1306 1632
U506 0 0 0 0 0
U507 1 51 1010 1071 1464
U508 1 8 921 1003 2214
U509 1 53 1030 1070 840
U510 0 0 0 0 0
U511 0 0 0 0 0
U512 1 68 662 748 1849
U513 1 47 551 687 1972
U514 0 0 0 0 0
U515 0 0 0 0 0
U516 1 31 831 905 1739
U517 1 25 384 412 686
U518 1 53 1233 1301 1394
U519 1 80 397 461 1984
U520 0 0 0 0 0
U521 1 93 593 609 160
U522 1 10 1027 1067 300
U523 0 0 0 0 0
U524 1 20 386 432 1127
U525 1 92 50 89 897
U526 1 53 752 768 360
U527 1 29 669 721 1300
U528 0 0 0 0 0
U529 0 0 0 0 0
U530 0 0 0 0 0
U531 1 81 622 638 264
U532 1 4 883 895 228
U533 1 66 733 792 1829
U534 1 32 374 436 1798
U535 0 0 0 0 0
U536 1 35 460 558 2009
U537 1 80 832 903 2094
U538 0 0 0 0 0
U539 1 14 701 747 1311
U540 1 25 1124 1143 418
U541 1 39 1145 1216 852
U542 1 65 409 519 2090
U543 1 77 1163 1247 1428
U544 1 37 623 669 736
U545 1 84 800 839 877
U546 0 0 0 0 0
U547 1 31 435 497 1581
U548 1 65 631 650 351
U549 1 38 580 592 240
U550 1 19 561 573 258
U551 1 7 1143 1253 3080
U552 1 33 383 493 2200
U553 0 0 0 0 0
U554 0 0 0 0 0
U555 1 76 876 960 714
U556 0 0 0 0 0
U557 1 69 234 308 1369
U558 1 69 364 399 630
U559 1 20 1282 1340 1276
U560 1 35 244 285 881
U561 1 82 732 773 1209
U562 1 49 672 746 1776
U563 1 47 1161 1183 275
U564 1 33 1014 1100 1548
U565 1 28 1177 1287 3355
U566 0 0 0 0 0
U567 1 33 1112 1164 910
U568 1 81 956 1022 1023
U569 0 0 0 0 0
U570 1 79 666 792 3717
U571 1 38 237 323 1892
U572 1 49 561 635 1813
U573 1 86 801 867 1947
U574 0 0 0 0 0
U575 0 0 0 0 0
U576 1 94 418 544 2142
U577 1 42 672 741 1380
U578 1 89 563 661 2744
U579 1 1 932 1042 3135
U580 0 0 0 0 0
U581 1 6 672 718 782
U582 1 64 347 409 1674
U583 1 15 904 939 787
U584 1 93 325 451 1323
U585 1 46 183 281 2107
U586 1 31 1051 1097 1035
U587 1 49 420 436 400
U588 1 71 1181 1227 943
U589 1 75 469 488 142
U590 1 79 477 603 3780
U591 1 89 302 393 2639
U592 1 12 184 243 767
U593 1 15 501 611 2585
U594 1 83 749 833 1554
U595 0 0 0 0 0
U596 0 0 0 0 0
U597 1 5 371 429 1421
U598 1 67 210 276 2046
U599 0 0 0 0 0
U600 1 9 343 425 2091
U601 1 44 481 565 2520
U602 0 0 0 0 0
U603 1 3 16 32 376
U604 1 33 897 909 222
U605 1 86 869 937 1972
U606 1 48 1119 1131 198
U607 1 87 584 636 1482
U608 1 10 275 334 501
U609 1 83 445 525 1560
U610 1 0 492 572 600
U611 0 0 0 0 0
U612 1 25 1274 1326 1092
U613 0 0 0 0 0
U614 1 82 264 366 3162
U615 0 0 0 0 0
U616 1 82 468 496 854
U617 0 0 0 0 0
U618 1 61 1290 1302 240
U619 0 0 0 0 0
U620 0 0 0 0 0
U621 1 1 624 676 1586
U622 1 29 606 652 1173
U623 1 29 916 1026 2640
U624 0 0 0 0 0
U625 0 0 0 0 0
U626 1 26 82 143 671
U627 1 77 971 1053 1435
U628 0 0 0 0 0
U629 1 35 331 370 819
U630 1 99 360 486 3276
U631 0 0 0 0 0
U632 0 0 0 0 0
U633 1 9 671 712 963
U634 1 88 1180 1271 2002
U635 0 0 0 0 0
U636 1 65 186 266 1600
U637 1 61 1040 1102 1333
U638 0 0 0 0 0
U639 0 0 0 0 0
U640 1 42 1121 1173 962
U641 1 67 122 157 1102
U642 0 0 0 0 0
U643 1 98 554 618 960
U644 0 0 0 0 0
U645 1 86 603 699 2880
U646 1 15 813 895 1886
U647 1 6 920 984 1024
U648 1 87 640 652 336
U649 1 31 1186 1296 2365
U650 1 80 168 230 1984
U651 1 43 54 114 990
U652 1 95 960 1086 3276
U653 1 10 514 574 480
U654 0 0 0 0 0
U655 1 44 86 182 3024
U656 0 0 0 0 0
U657 1 53 827 879 1144
U658 1 99 296 348 1378
U659 0 0 0 0 0
U660 1 18 297 395 2156
U661 1 30 461 535 1221
U662 1 55 899 961 1643
U663 0 0 0 0 0
U664 1 5 1073 1089 352
U665 1 27 487 522 717
U666 1 50 1172 1263 1501
U667 0 0 0 0 0
U668 1 90 737 805 1598
U669 1 72 671 769 2352
U670 1 46 1148 1206 1044
U671 0 0 0 0 0
U672 1 56 265 375 3025
U673 0 0 0 0 0
U674 1 9 1059 1185 2772
U675 1 31 1010 1032 506
U676 1 78 1014 1066 1014
U677 1 17 1210 1312 2397
U678 1 32 924 952 742
U679 1 25 949 1059 2475
U680 1 79 1296 1348 1456
U681 0 0 0 0 0
U682 0 0 0 0 0
U683 0 0 0 0 0
U684 1 97 687 769 779
U685 1 48 702 741 702
U686 0 0 0 0 0
U687 1 89 93 191 2940
U688 0 0 0 0 0
U689 0 0 0 0 0
U690 1 23 865 917 1144
U691 1 40 517 556 526
U692 1 95 756 824 1802
U693 1 14 550 602 1508
U694 1 80 697 768 2130
U695 1 76 729 751 198
U696 1 54 545 584 702
U697 1 52 334 466 2772
U698 0 0 0 0 0
U699 0 0 0 0 0
U700 0 0 0 0 0
U701 0 0 0 0 0
U702 1 12 874 935 732
U703 1 47 183 235 806
U704 1 38 1212 1322 1925
U705 0 0 0 0 0
U706 0 0 0 0 0
U707 0 0 0 0 0
U708 0 0 0 0 0
U709 0 0 0 0 0
U710 1 8 447 521 2072
U711 1 68 29 89 1440
U712 0 0 0 0 0
U713 0 0 0 0 0
U714 1 7 968 1020 1482
U715 1 87 237 333 2880
U716 1 80 955 1001 1334
U717 1 60 818 859 963
U718 1 46 646 717 1420
U719 0 0 0 0 0
U720 1 96 688 748 1230
U721 0 0 0 0 0
U722 1 17 174 254 2120
U723 1 70 1106 1172 957
U724 1 55 1076 1202 3213
U725 0 0 0 0 0
U726 1 44 301 313 372
U727 1 46 1364 1410 782
U728 1 46 1323 1345 385
U729 0 0 0 0 0
U730 1 87 762 781 503
U731 1 24 856 954 2009
U732 1 60 365 491 3024
U733 1 50 455 507 1014
U734 0 0 0 0 0
U735 1 81 396 408 216
U736 0 0 0 0 0
U737 1 63 495 553 1102
U738 0 0 0 0 0
U739 1 26 18 34 184
U740 0 0 0 0 0
U741 1 31 778 806 672
U742 0 0 0 0 0
U743 1 88 1005 1067 1395
U744 1 37 684 758 1147
U745 1 6 1101 1163 961
U746 1 65 315 406 1774
U747 0 0 0 0 0
U748 1 88 75 155 2040
U749 1 85 792 844 546
U750 1 79 324 460 4148
U751 1 54 456 495 721
U752 0 0 0 0 0
U753 0 0 0 0 0
U754 1 28 1125 1177 1612
U755 0 0 0 0 0
U756 1 32 13 41 854
U757 1 85 967 1099 1320
U758 0 0 0 0 0
U759 1 84 184 253 1690
U760 1 44 361 373 366
U761 1 60 211 337 3087
U762 1 71 422 482 1380
U763 1 45 1198 1226 504
U764 1 65 821 957 2380
U765 0 0 0 0 0
U766 0 0 0 0 0
U767 0 0 0 0 0
U768 1 23 724 746 495
U769 1 9 936 1034 2205
U770 0 0 0 0 0
U771 1 49 1076 1162 1978
U772 1 48 21 60 799
U773 1 20 618 684 1518
U774 0 0 0 0 0
U775 0 0 0 0 0
U776 1 14 471 530 1740
U777 1 67 1073 1147 1998
U778 1 99 647 727 2000
U779 1 84 38 106 1700
U780 1 50 839 891 910
U781 1 48 525 609 1554
U782 1 96 572 616 924
U783 1 44 625 716 2684
U784 0 0 0 0 0
U785 0 0 0 0 0
U786 1 48 909 1019 1870
U787 1 76 532 618 860
U788 1 83 965 1036 1242
U789 0 0 0 0 0
U790 1 49 380 408 714
U791 1 76 618 700 779
U792 1 53 186 284 2401
U793 1 77 404 456 962
U794 1 57 972 1024 494
U795 1 51 175 273 2695
U796 1 63 1256 1308 884
U797 0 0 0 0 0
U798 1 51 956 1008 1274
U799 1 20 89 148 1534
U800 1 3 365 449 1932
U801 1 18 761 857 1968
U802 0 0 0 0 0
U803 1 59 244 342 1764
U804 0 0 0 0 0
U805 1 95 221 290 1932
U806 1 14 381 416 1050
U807 1 1 751 797 1357
U808 1 85 126 178 624
U809 1 9 239 308 1794
U810 1 27 893 967 1369
U811 1 2 919 935 360
U812 1 84 366 406 960
U813 1 14 1015 1055 1100
U814 1 78 516 568 1118
U815 1 95 58 97 1131
U816 0 0 0 0 0
U817 1 91 628 647 446
U818 0 0 0 0 0
U819 1 6 515 579 1120
U820 1 15 374 442 1632
U821 1 34 1134 1225 2411
U822 0 0 0 0 0
U823 1 38 1100 1198 1764
U824 1 87 783 818 910
U825 1 63 1091 1137 805
U826 0 0 0 0 0
U827 1 29 52 87 945
U828 1 80 331 393 1953
U829 1 42 406 486 1680
U830 1 11 919 1055 2652
U831 0 0 0 0 0
U832 1 98 267 319 832
U833 1 21 409 431 418
U834 0 0 0 0 0
U835 0 0 0 0 0
U836 0 0 0 0 0
U837 1 55 399 434 962
U838 0 0 0 0 0
U839 1 82 1170 1198 784
U840 1 74 1148 1239 1501
U841 1 89 207 298 2684
U842 1 17 849 933 2058
U843 1 71 969 1031 1333
U844 0 0 0 0 0
U845 1 86 1265 1397 3630
U846 1 32 1009 1053 1144
U847 1 26 306 432 1323
U848 1 66 1083 1145 1798
U849 1 62 417 481 896
U850 1 95 665 756 2457
U851 0 0 0 0 0
U852 1 90 924 993 1587
U853 1 92 949 989 820
U854 1 22 621 679 928
U855 0 0 0 0 0
U856 1 64 1325 1387 1488
U857 0 0 0 0 0
U858 0 0 0 0 0
U859 1 26 1016 1126 990
U860 1 46 1096 1146 925
U861 0 0 0 0 0
U862 1 91 174 245 1810
U863 1 51 86 148 1736
U864 0 0 0 0 0
U865 1 47 1226 1245 228
U866 1 14 1251 1297 1219
U867 1 47 926 997 923
U868 1 4 1257 1269 216
U869 1 15 238 364 3087
U870 1 40 129 145 256
U871 1 98 788 879 1319
U872 1 92 520 618 2058
U873 1 51 762 846 2142
U874 1 38 866 912 851
U875 1 72 1049 1111 1426
U876 1 80 572 594 671
U877 0 0 0 0 0
U878 1 15 987 1089 2244
U879 1 68 1211 1295 1680
U880 1 47 769 815 644
U881 1 8 132 154 638
U882 1 37 1101 1153 754
U883 1 8 1255 1299 1144
U884 1 24 321 423 2295
U885 0 0 0 0 0
U886 0 0 0 0 0
U887 1 29 279 325 1219
U888 1 92 284 352 1496
U889 1 34 791 923 3630
U890 1 24 205 221 368
U891 1 1 685 743 1740
U892 1 2 498 596 2303
U893 1 27 357 431 1554
U894 1 41 219 315 2688
U895 1 78 87 148 1403
U896 0 0 0 0 0
U897 1 55 74 143 1966
U898 1 24 690 718 602
U899 0 0 0 0 0
U900 1 32 507 546 1111
U901 1 41 953 1005 1326
U902 0 0 0 0 0
U903 1 16 464 560 1440
U904 1 53 383 467 2016
U905 1 65 721 819 1764
U906 1 4 270 334 1344
U907 1 67 563 615 1534
U908 1 20 198 272 1887
U909 1 21 433 485 962
U910 1 4 437 535 2009
U911 0 0 0 0 0
U912 1 3 1138 1154 328
U913 1 23 0 71 1739
U914 1 25 681 777 2208
U915 0 0 0 0 0
U916 1 51 894 952 1450
U917 0 0 0 0 0
U918 0 0 0 0 0
U919 1 87 1302 1321 437
U920 1 18 1260 1322 1147
U921 1 32 798 850 1404
U922 1 76 1018 1082 512
U923 0 0 0 0 0
U924 1 19 716 735 380
U925 1 39 136 177 574
U926 1 52 1307 1323 312
U927 1 54 31 53 429
U928 0 0 0 0 0
U929 1 71 1310 1351 820
U930 1 27 1170 1241 1242
U931 1 94 120 181 1067
U932 1 73 970 1031 945
U933 1 96 805 846 820
U934 1 39 768 866 1274
U935 1 11 739 785 920
U936 0 0 0 0 0
U937 0 0 0 0 0
U938 1 14 3 87 2646
U939 1 83 878 960 1476
U940 1 13 519 621 765
U941 1 27 255 313 1247
U942 1 88 934 986 1196
U943 1 77 153 188 665
U944 1 28 297 395 3234
U945 1 78 1215 1255 760
U946 0 0 0 0 0
U947 1 17 480 578 2499
U948 1 44 1270 1406 3740
U949 1 57 727 818 910
U950 1 67 460 510 1500
U951 1 48 785 876 1592
U952 1 4 1148 1200 962
U953 1 53 946 974 602
U954 1 26 649 710 610
U955 0 0 0 0 0
U956 0 0 0 0 0
U957 0 0 0 0 0
U958 1 35 163 224 1342
U959 1 57 1115 1167 468
U960 1 35 90 151 1372
U961 1 9 429 448 475
U962 1 32 178 237 1740
U963 0 0 0 0 0
U964 1 80 1296 1365 1897
U965 0 0 0 0 0
U966 1 4 162 201 838
U967 1 14 888 940 1456
U968 0 0 0 0 0
U969 0 0 0 0 0
U970 1 91 940 998 1305
U971 1 85 527 591 736
U972 1 2 714 824 2530
U973 1 56 69 121 1456
U974 1 63 895 1027 2376
U975 1 60 1021 1071 1125
U976 1 3 485 524 877
U977 1 79 206 225 589
U978 0 0 0 0 0
U979 1 92 395 455 1290
U980 1 50 723 758 647
U981 1 45 947 999 988
U982 1 31 196 248 1378
U983 1 99 1093 1175 1927
U984 1 88 380 478 2352
U985 1 84 1156 1236 1680
U986 1 72 443 493 1225
U987 1 83 526 606 1520
U988 0 0 0 0 0
U989 1 18 623 667 924
U990 1 86 13 48 1102
U991 1 69 427 473 805
U992 1 8 246 306 1710
U993 0 0 0 0 0
U994 1 2 107 159 1274
U995 0 0 0 0 0
U996 1 67 808 867 1681
U997 0 0 0 0 0
U998 0 0 0 0 0
U999 0 0 0 0 0
