U0 0 0 0 0 0
U1 1 18 564 606 1050
U2 1 28 246 397 4454
U3 1 12 828 944 2784
U4 1 29 369 465 2016
U5 1 5 440 508 1462
U6 0 0 0 0 0
U7 1 24 877 951 2146
U8 0 0 0 0 0
U9 1 23 81 232 4454
U10 1 3 23 174 3246
U11 1 27 611 762 3473
U12 1 19 941 1079 3174
U13 0 0 0 0 0
U14 1 1 738 780 357
U15 1 16 4 159 3642
U16 1 18 621 695 1813
U17 0 0 0 0 0
U18 1 1 357 453 864
U19 1 20 109 205 1920
U20 0 0 0 0 0
U21 1 27 811 962 3397
U22 1 26 1022 1064 756
U23 1 21 532 600 1088
U24 0 0 0 0 0
U25 1 19 672 765 2185
U26 0 0 0 0 0
U27 0 0 0 0 0
U28 0 0 0 0 0
U29 1 1 991 1087 768
U30 0 0 0 0 0
U31 1 20 960 1002 819
U32 0 0 0 0 0
U33 0 0 0 0 0
U34 1 28 849 958 3161
U35 0 0 0 0 0
U36 0 0 0 0 0
U37 1 11 735 831 1536
U38 1 23 663 772 3161
U39 1 25 410 519 1907
U40 0 0 0 0 0
U41 0 0 0 0 0
U42 0 0 0 0 0
U43 1 15 221 359 3864
U44 0 0 0 0 0
U45 1 15 649 723 2035
U46 0 0 0 0 0
U47 1 20 1275 1384 2071
U48 0 0 0 0 0
U49 1 18 110 152 1071
